10-element
[583, 127, 846, 34, 691, 34, 775, 259, 898, 503]
50-element
[437, 82, 691, 254, 918, 143, 576, 329, 764, 51, 885, 412, 637, 208, 973, 365, 729, 116, 548, 801, 293, 659, 34, 946, 481, 177, 713, 390, 862, 225, 604, 99, 755, 318, 521, 899, 156, 51, 270, 934, 463, 72, 51, 347, 790, 191, 568, 841, 304, 502]
100-element
[317, 842, 56, 691, 124, 775, 438, 9, 563, 887, 205, 649, 73, 521, 796, 354, 18, 612, 459, 831, 267, 704, 145, 598, 386, 899, 42, 728, 181, 674, 293, 807, 115, 546, 763, 331, 68, 485, 820, 237, 657, 94, 573, 410, 748, 152, 624, 279, 865, 31, 502, 718, 196, 590, 344, 789, 83, 640, 225, 854, 471, 133, 697, 365, 812, 49, 535, 742, 308, 619, 167, 880, 401, 254, 666, 9, 577, 427, 793, 216, 684, 37, 559, 738, 286, 823, 148, 607, 375, 871, 64, 491, 712, 239, 9, 119, 584, 453, 798, 326]
500-element
[847, 23, 591, 304, 972, 118, 665, 439, 781, 56, 912, 347, 205, 638, 74, 529, 863, 192, 456, 709, 31, 984, 276, 543, 817, 125, 694, 368, 950, 82, 611, 447, 239, 775, 16, 888, 321, 560, 703, 149, 926, 485, 67, 832, 254, 619, 391, 978, 103, 742, 515, 28, 867, 334, 681, 197, 944, 76, 598, 420, 263, 799, 11, 905, 357, 624, 171, 852, 493, 215, 739, 46, 981, 302, 577, 128, 668, 434, 890, 245, 713, 95, 537, 826, 184, 961, 349, 602, 71, 478, 755, 223, 914, 39, 647, 310, 586, 871, 154, 692, 425, 997, 87, 518, 764, 201, 935, 362, 609, 133, 846, 279, 701, 52, 489, 923, 316, 574, 808, 166, 653, 441, 29, 969, 258, 735, 106, 584, 897, 375, 612, 43, 824, 190, 547, 958, 286, 673, 115, 432, 786, 337, 901, 64, 523, 748, 212, 879, 396, 555, 17, 966, 271, 634, 143, 820, 459, 708, 98, 593, 937, 324, 661, 50, 476, 793, 230, 885, 367, 510, 122, 949, 283, 641, 418, 774, 69, 536, 913, 159, 687, 305, 842, 44, 599, 728, 251, 975, 386, 620, 109, 457, 816, 342, 891, 73, 566, 704, 198, 932, 421, 648, 34, 779, 264, 515, 860, 137, 957, 308, 672, 91, 438, 745, 220, 883, 353, 601, 15, 927, 487, 759, 175, 633, 298, 814, 57, 544, 969, 402, 690, 126, 831, 274, 585, 719, 84, 946, 361, 627, 203, 498, 772, 41, 899, 319, 556, 147, 685, 924, 232, 468, 790, 105, 853, 395, 614, 27, 979, 336, 721, 162, 509, 874, 248, 657, 93, 445, 811, 380, 592, 131, 939, 266, 702, 48, 527, 768, 214, 886, 354, 616, 178, 963, 407, 734, 86, 550, 825, 291, 671, 120, 492, 916, 345, 763, 59, 608, 189, 843, 277, 530, 998, 152, 696, 423, 75, 789, 314, 567, 928, 206, 645, 38, 481, 855, 369, 712, 99, 541, 897, 234, 664, 412, 19, 951, 287, 738, 144, 596, 823, 330, 679, 54, 462, 910, 255, 625, 177, 805, 397, 573, 30, 986, 343, 710, 111, 534, 869, 222, 651, 92, 449, 798, 375, 607, 160, 941, 268, 725, 47, 521, 782, 213, 893, 358, 615, 135, 970, 401, 746, 81, 558, 833, 294, 676, 119, 495, 920, 327, 761, 63, 604, 186, 848, 281, 532, 994, 151, 699, 416, 78, 787, 312, 569, 931, 207, 642, 36, 483, 858, 364, 715, 97, 545, 902, 237, 662, 410, 21, 954, 289, 736, 142, 594, 827, 332, 674, 55, 464, 908, 257, 623, 174, 809, 399, 571, 33, 982, 341, 706, 113, 538, 872, 225, 655, 89, 452, 796, 378, 610, 157, 943, 270, 723, 49, 525, 776, 216, 887, 356, 618, 139, 967, 405, 740, 83, 552, 829, 296, 680, 117, 497, 918, 325, 757, 61, 606, 188, 845, 285, 535, 991, 148, 697, 414, 77, 784, 309, 565, 934, 209, 644, 35, 486, 856, 366, 717, 101, 548, 900, 235, 660, 408, 25, 952, 292, 731, 140, 589, 821, 335, 670, 58, 466, 906, 260, 621, 172, 807, 394, 576, 32, 980, 339, 705, 114, 540, 870, 227, 654, 88, 454, 794, 381, 605, 156, 945, 273, 720, 51, 528, 773, 218, 884, 352, 617, 136, 965, 403, 743, 85, 554, 830, 293, 678, 121, 494, 915]
1000-element
[742, 19, 583, 921, 304, 667, 88, 451, 796, 235, 974, 126, 539, 612, 347, 805, 43, 718, 290, 864, 157, 493, 681, 52, 936, 374, 820, 211, 599, 765, 108, 446, 987, 331, 624, 73, 850, 278, 514, 699, 162, 903, 407, 31, 775, 548, 256, 630, 891, 117, 470, 723, 385, 958, 204, 661, 94, 537, 812, 349, 686, 15, 927, 438, 570, 243, 799, 122, 654, 972, 310, 485, 837, 66, 718, 394, 551, 902, 179, 624, 285, 763, 41, 996, 532, 348, 875, 219, 607, 144, 781, 463, 25, 919, 376, 688, 101, 557, 834, 292, 647, 78, 425, 973, 184, 706, 359, 512, 861, 34, 638, 247, 795, 116, 480, 925, 301, 672, 53, 847, 395, 588, 210, 739, 967, 128, 453, 816, 269, 604, 91, 532, 887, 347, 711, 165, 974, 408, 62, 836, 291, 549, 703, 137, 458, 921, 315, 680, 24, 764, 193, 576, 849, 402, 698, 110, 937, 251, 483, 772, 56, 623, 346, 895, 172, 519, 740, 283, 964, 81, 437, 608, 329, 857, 146, 691, 13, 925, 374, 552, 789, 203, 645, 98, 817, 461, 287, 936, 154, 703, 42, 598, 875, 321, 664, 119, 487, 752, 230, 901, 68, 539, 816, 397, 625, 174, 948, 263, 711, 35, 582, 843, 306, 677, 92, 459, 788, 214, 963, 147, 524, 831, 379, 605, 51, 718, 286, 994, 433, 669, 125, 802, 358, 571, 927, 184, 746, 23, 490, 865, 317, 638, 105, 779, 452, 208, 956, 341, 617, 74, 823, 265, 589, 912, 136, 704, 47, 538, 881, 390, 651, 198, 967, 312, 475, 726, 83, 594, 840, 257, 683, 109, 918, 364, 521, 778, 29, 643, 295, 856, 172, 497, 931, 406, 612, 58, 749, 223, 884, 335, 568, 790, 141, 675, 96, 927, 451, 308, 816, 237, 604, 72, 995, 384, 547, 761, 120, 689, 43, 873, 264, 516, 940, 197, 628, 350, 782, 89, 465, 917, 302, 576, 133, 845, 211, 699, 54, 968, 417, 635, 281, 754, 106, 892, 346, 529, 779, 164, 620, 38, 951, 273, 486, 835, 119, 703, 425, 67, 918, 356, 582, 240, 796, 143, 667, 90, 972, 318, 544, 821, 205, 613, 48, 759, 399, 887, 127, 560, 936, 271, 684, 102, 472, 815, 337, 598, 25, 941, 183, 726, 450, 862, 309, 651, 78, 534, 997, 214, 573, 841, 136, 690, 42, 781, 365, 924, 251, 607, 109, 498, 853, 320, 746, 65, 912, 407, 569, 187, 638, 29, 874, 295, 521, 960, 143, 705, 376, 82, 819, 234, 655, 98, 947, 413, 582, 268, 731, 156, 894, 347, 610, 51, 783, 225, 969, 438, 574, 130, 846, 302, 697, 73, 925, 361, 519, 808, 194, 643, 27, 752, 486, 901, 115, 668, 340, 829, 59, 974, 213, 557, 781, 126, 694, 45, 918, 372, 603, 249, 835, 101, 763, 428, 956, 307, 548, 176, 689, 34, 814, 265, 997, 452, 621, 138, 779, 293, 867, 70, 536, 942, 201, 654, 389, 823, 94, 712, 318, 581, 969, 147, 630, 43, 856, 274, 497, 905, 122, 745, 361, 88, 819, 236, 668, 105, 951, 407, 572, 189, 734, 26, 882, 315, 609, 143, 967, 451, 538, 211, 796, 64, 925, 372, 684, 129, 847, 298, 517, 903, 175, 632, 49, 781, 340, 956, 227, 569, 112, 698, 35, 864, 413, 590, 248, 739, 91, 972, 306, 547, 183, 826, 67, 915, 452, 621, 134, 788, 279, 503, 941, 158, 674, 23, 857, 392, 710, 106, 963, 315, 584, 249, 821, 74, 936, 408, 553, 197, 765, 31, 889, 267, 642, 118, 974, 351, 526, 804, 93, 719, 284, 951, 436, 607, 152, 838, 59, 901, 327, 574, 216, 783, 46, 968, 405, 631, 127, 849, 295, 518, 920, 173, 687, 38, 772, 341, 956, 208, 594, 81, 825, 462, 703, 139, 917, 274, 550, 32, 864, 396, 619, 184, 742, 95, 981, 305, 567, 221, 809, 53, 934, 428, 652, 117, 776, 286, 519, 963, 148, 695, 24, 841, 374, 608, 193, 754, 69, 927, 316, 582, 205, 817, 42, 971, 453, 639, 128, 789, 261, 547, 906, 176, 682, 35, 853, 407, 614, 229, 748, 92, 965, 321, 578, 143, 824, 57, 919, 466, 603, 187, 775, 298, 531, 947, 102, 693, 41, 836, 359, 621, 214, 769, 85, 978, 302, 556, 131, 812, 48, 931, 425, 670, 196, 743, 273, 509, 958, 116, 687, 34, 849, 387, 604, 225, 781, 71, 916, 342, 569, 154, 827, 29, 963, 418, 635, 203, 752, 96, 884, 315, 541, 179, 798, 63, 925, 471, 608, 137, 861, 286, 514, 974, 120, 699, 45, 837, 362, 590, 217, 764, 82, 948, 329, 573, 146, 815, 51, 907, 438, 626, 198, 779, 264, 535, 961, 109, 681, 37, 843, 391, 615, 223, 756, 94, 932, 347, 568, 161, 801, 28, 976, 412, 647, 190, 738, 275, 526, 918, 133, 694, 60, 852, 304, 579, 219, 783, 47, 965, 436, 612, 175, 824, 291, 548, 939, 101, 672, 39, 857, 374, 603, 226, 749, 86, 971, 318, 564, 152, 808, 55, 924, 449, 637, 183, 771, 267, 520, 956, 114, 689, 33, 846, 395, 618, 207, 758, 79, 937, 341, 572, 145, 813, 50, 968, 427, 654, 192, 746, 282, 533, 915, 124, 697, 44, 839, 366, 601, 231, 767, 97, 953, 312, 559, 169, 806, 62, 929, 443, 629, 186, 774, 257, 515, 982, 111, 685, 36, 854, 382, 606, 218, 751, 89, 944, 336, 575, 159, 818, 54, 962, 432, 644, 195, 739, 277, 528, 923, 121, 691, 40, 842, 371, 596, 224, 762, 84, 959, 324, 561, 171, 803, 58, 935, 446, 633, 188, 768, 259, 511, 989, 107, 678, 30, 851, 388, 611, 212, 755, 93, 946, 333, 577, 157, 822, 52, 966, 435, 641, 199, 741, 280, 524, 911, 123, 696, 46, 844, 368, 599, 228, 760, 87, 955, 320, 565, 166, 810, 61, 930, 441, 627, 181, 773, 255, 513, 980, 113, 683, 32, 855, 380, 605, 215, 750, 90, 943, 338, 571, 160, 820, 56, 964, 430, 646, 191, 737, 276, 530, 922, 118, 688, 39, 840, 373, 597, 220, 766, 80, 957, 326, 563, 168, 805, 57, 933, 445, 634, 185, 770, 262, 510, 986, 104, 676, 28, 848, 386, 613, 209, 753, 99, 949, 332, 580, 155, 823, 50, 970, 434, 640, 202, 744, 281, 522, 913, 125, 700, 47, 838, 370, 602, 232, 757, 85, 954, 323, 562, 170, 807, 60, 928, 440, 625, 182, 780, 253, 512, 983]
10,000 element array
[92, 484, 373, 112, 759, 514, 646, 644, 900, 408, 748, 418, 453, 161, 258, 206, 987, 398, 6, 827, 444, 523, 96, 931, 895, 335, 627, 377, 469, 779, 249, 885, 738, 716, 180, 145, 598, 541, 801, 922, 46, 468, 925, 788, 735, 856, 636, 889, 341, 865, 305, 813, 378, 678, 659, 964, 906, 331, 561, 489, 490, 275, 620, 206, 275, 275, 852, 159, 640, 574, 451, 105, 344, 620, 739, 781, 41, 53, 960, 243, 490, 68, 686, 852, 515, 208, 204, 152, 171, 327, 862, 757, 17, 441, 386, 228, 483, 593, 122, 65, 96, 707, 743, 699, 692, 493, 491, 594, 10, 35, 406, 484, 454, 79, 478, 486, 388, 349, 187, 578, 313, 270, 140, 115, 571, 998, 515, 361, 233, 388, 348, 342, 392, 716, 117, 476, 713, 664, 828, 999, 304, 558, 796, 360, 125, 766, 527, 37, 206, 249, 854, 4, 8, 475, 765, 615, 399, 758, 270, 158, 467, 253, 379, 774, 78, 124, 110, 854, 764, 487, 979, 762, 358, 568, 229, 565, 823, 392, 535, 350, 396, 443, 835, 622, 630, 36, 263, 811, 283, 900, 196, 190, 44, 504, 616, 69, 993, 983, 296, 564, 256, 968, 594, 320, 199, 55, 484, 175, 88, 89, 780, 349, 233, 465, 673, 223, 278, 207, 524, 58, 559, 542, 829, 590, 926, 705, 171, 540, 707, 176, 615, 941, 495, 449, 315, 841, 526, 673, 856, 894, 117, 913, 198, 992, 27, 105, 35, 901, 456, 996, 531, 670, 268, 787, 923, 221, 219, 102, 622, 245, 168, 4, 415, 574, 478, 573, 116, 675, 685, 964, 525, 696, 264, 818, 37, 59, 308, 384, 113, 711, 65, 346, 400, 870, 277, 508, 173, 500, 799, 703, 437, 996, 239, 251, 289, 544, 870, 427, 331, 867, 96, 839, 882, 523, 444, 954, 928, 47, 877, 420, 517, 255, 139, 349, 297, 476, 910, 436, 7, 589, 511, 951, 114, 22, 341, 791, 238, 804, 321, 12, 168, 399, 50, 762, 481, 211, 632, 712, 588, 382, 345, 754, 715, 663, 553, 913, 886, 900, 902, 99, 10, 625, 285, 856, 941, 943, 40, 612, 902, 144, 423, 792, 522, 747, 95, 265, 445, 175, 842, 135, 223, 984, 768, 672, 391, 588, 778, 257, 661, 597, 284, 478, 103, 352, 41, 899, 165, 888, 914, 670, 905, 833, 191, 57, 52, 579, 601, 246, 495, 813, 238, 438, 506, 327, 710, 968, 992, 254, 727, 97, 222, 346, 771, 703, 502, 373, 94, 30, 258, 703, 577, 80, 881, 931, 878, 417, 539, 547, 420, 641, 803, 71, 424, 21, 599, 246, 512, 488, 235, 422, 575, 27, 937, 671, 364, 111, 164, 838, 896, 428, 96, 92, 381, 410, 40, 280, 166, 379, 402, 387, 121, 230, 73, 643, 256, 858, 563, 346, 616, 177, 401, 976, 192, 146, 790, 658, 869, 934, 715, 244, 774, 935, 521, 136, 107, 289, 317, 402, 463, 870, 545, 960, 558, 433, 515, 115, 134, 517, 420, 575, 628, 129, 138, 573, 732, 695, 123, 507, 745, 336, 872, 763, 891, 574, 948, 885, 906, 317, 553, 449, 113, 463, 432, 122, 693, 460, 920, 177, 143, 359, 83, 128, 217, 349, 353, 212, 331, 743, 109, 851, 138, 359, 325, 429, 662, 775, 654, 450, 866, 667, 975, 264, 550, 323, 226, 975, 273, 283, 744, 376, 859, 438, 185, 968, 608, 595, 242, 653, 329, 74, 113, 308, 960, 894, 725, 435, 527, 29, 883, 568, 936, 793, 638, 615, 174, 493, 942, 829, 769, 773, 603, 424, 630, 9, 147, 88, 288, 564, 319, 448, 971, 640, 766, 262, 232, 999, 139, 124, 670, 868, 835, 476, 494, 630, 178, 80, 550, 190, 477, 119, 53, 534, 507, 336, 281, 784, 757, 656, 258, 347, 840, 218, 853, 807, 278, 508, 111, 18, 587, 723, 353, 628, 630, 987, 115, 466, 689, 221, 177, 288, 820, 136, 861, 819, 669, 354, 426, 977, 680, 793, 732, 974, 246, 826, 170, 92, 540, 157, 337, 638, 435, 73, 417, 420, 293, 673, 608, 187, 423, 773, 671, 416, 415, 70, 385, 904, 699, 593, 186, 538, 339, 495, 844, 958, 803, 217, 637, 147, 404, 260, 780, 687, 559, 728, 841, 181, 57, 530, 300, 935, 523, 363, 61, 730, 174, 699, 181, 577, 877, 603, 193, 664, 167, 691, 68, 537, 430, 133, 315, 325, 401, 730, 115, 406, 905, 522, 864, 746, 102, 417, 488, 795, 234, 853, 439, 815, 865, 34, 537, 489, 171, 47, 398, 78, 609, 138, 40, 555, 871, 495, 758, 166, 97, 295, 343, 644, 451, 461, 503, 795, 974, 887, 464, 249, 227, 136, 844, 366, 907, 312, 651, 703, 156, 19, 350, 483, 742, 387, 526, 610, 243, 453, 194, 863, 214, 604, 950, 11, 733, 201, 945, 856, 953, 470, 124, 278, 826, 180, 471, 788, 362, 410, 202, 339, 465, 976, 453, 985, 65, 523, 112, 480, 434, 132, 810, 889, 47, 696, 894, 727, 819, 977, 508, 706, 594, 288, 249, 851, 377, 14, 399, 470, 240, 515, 266, 215, 997, 814, 516, 731, 334, 46, 916, 772, 754, 569, 834, 62, 622, 574, 311, 583, 626, 341, 432, 473, 263, 345, 163, 504, 37, 746, 391, 995, 758, 145, 279, 823, 259, 955, 732, 986, 596, 187, 331, 251, 827, 927, 31, 369, 417, 790, 464, 894, 835, 965, 90, 828, 258, 326, 613, 841, 36, 135, 960, 369, 654, 911, 709, 380, 639, 632, 593, 244, 221, 646, 407, 208, 272, 208, 504, 593, 836, 521, 91, 426, 857, 924, 45, 523, 520, 198, 665, 589, 616, 208, 177, 345, 582, 186, 467, 137, 460, 639, 598, 909, 672, 867, 896, 588, 317, 66, 55, 537, 292, 432, 981, 628, 498, 661, 730, 443, 451, 322, 130, 263, 573, 447, 719, 786, 23, 291, 153, 766, 922, 484, 666, 835, 545, 371, 804, 938, 314, 750, 253, 831, 935, 235, 507, 285, 462, 760, 845, 850, 290, 1000, 303, 514, 786, 647, 489, 977, 334, 848, 514, 938, 134, 911, 594, 856, 964, 347, 222, 819, 230, 882, 486, 166, 766, 184, 615, 231, 7, 328, 907, 994, 231, 195, 808, 485, 210, 469, 262, 199, 962, 664, 667, 169, 539, 265, 200, 795, 93, 274, 721, 389, 294, 100, 133, 513, 607, 190, 616, 330, 506, 140, 540, 127, 704, 201, 467, 535, 660, 348, 133, 704, 145, 214, 384, 817, 949, 902, 668, 334, 597, 339, 700, 900, 397, 727, 466, 530, 379, 618, 374, 640, 623, 507, 424, 203, 628, 341, 947, 250, 686, 588, 295, 870, 106, 912, 645, 923, 758, 837, 898, 639, 788, 740, 623, 62, 829, 884, 375, 579, 769, 19, 116, 471, 635, 993, 225, 60, 984, 622, 812, 374, 371, 809, 786, 946, 257, 204, 48, 931, 384, 20, 800, 857, 606, 10, 558, 439, 81, 209, 677, 393, 256, 542, 431, 529, 95, 703, 415, 644, 745, 798, 777, 290, 841, 744, 484, 494, 973, 295, 384, 138, 861, 647, 95, 579, 715, 552, 482, 596, 835, 27, 193, 82, 636, 316, 360, 273, 309, 178, 224, 199, 463, 269, 60, 262, 503, 235, 658, 467, 350, 244, 938, 31, 161, 476, 48, 818, 320, 66, 547, 715, 376, 507, 120, 340, 631, 824, 416, 319, 719, 541, 241, 186, 375, 616, 329, 482, 934, 284, 359, 317, 945, 167, 328, 617, 501, 741, 775, 883, 613, 672, 387, 200, 207, 283, 48, 765, 152, 691, 640, 256, 737, 374, 922, 948, 968, 549, 491, 828, 164, 821, 34, 823, 640, 830, 657, 445, 832, 806, 38, 947, 82, 325, 317, 309, 689, 376, 471, 863, 813, 163, 512, 713, 875, 45, 224, 973, 748, 223, 579, 508, 75, 776, 139, 866, 202, 361, 565, 660, 316, 447, 494, 219, 925, 636, 703, 176, 508, 542, 718, 73, 497, 771, 409, 830, 803, 43, 755, 706, 462, 751, 655, 678, 252, 615, 925, 873, 633, 920, 645, 987, 47, 635, 555, 983, 35, 967, 986, 952, 175, 686, 916, 713, 369, 937, 141, 262, 680, 102, 986, 749, 967, 324, 39, 490, 791, 964, 656, 828, 211, 22, 197, 500, 751, 464, 360, 406, 272, 114, 771, 167, 302, 308, 563, 385, 779, 674, 661, 212, 966, 951, 932, 920, 956, 270, 585, 92, 343, 156, 768, 27, 74, 407, 491, 712, 355, 650, 929, 224, 265, 742, 840, 816, 208, 419, 164, 957, 971, 528, 595, 233, 761, 328, 362, 980, 540, 215, 552, 267, 163, 799, 488, 312, 811, 327, 80, 412, 60, 727, 501, 37, 817, 137, 230, 46, 637, 334, 54, 803, 353, 549, 582, 821, 5, 990, 143, 488, 460, 560, 526, 408, 516, 566, 813, 587, 91, 210, 500, 39, 555, 933, 796, 233, 416, 944, 140, 725, 337, 553, 422, 702, 615, 705, 836, 669, 400, 131, 297, 304, 738, 142, 601, 340, 372, 854, 802, 304, 269, 470, 27, 603, 407, 355, 366, 376, 825, 75, 986, 873, 846, 103, 8, 639, 571, 995, 829, 791, 521, 805, 677, 923, 230, 560, 701, 615, 652, 967, 194, 261, 594, 121, 773, 776, 311, 318, 16, 241, 666, 328, 992, 868, 764, 176, 224, 66, 854, 863, 395, 202, 308, 309, 366, 261, 837, 950, 341, 88, 191, 641, 744, 468, 87, 639, 6, 627, 359, 476, 274, 68, 449, 24, 778, 608, 550, 164, 847, 111, 162, 558, 996, 751, 399, 144, 707, 629, 192, 970, 250, 855, 717, 759, 49, 541, 921, 781, 2, 281, 747, 189, 88, 757, 677, 264, 414, 236, 205, 909, 742, 334, 287, 274, 295, 738, 448, 462, 632, 884, 744, 860, 16, 405, 502, 482, 634, 575, 217, 497, 631, 1, 464, 983, 507, 703, 71, 517, 823, 867, 252, 884, 865, 291, 607, 408, 637, 510, 794, 971, 815, 230, 505, 108, 135, 195, 107, 162, 896, 1000, 188, 895, 249, 426, 196, 991, 667, 53, 422, 528, 580, 110, 16, 15, 746, 161, 467, 559, 446, 237, 715, 278, 647, 264, 772, 717, 742, 526, 310, 817, 428, 220, 661, 705, 208, 875, 207, 491, 902, 586, 709, 796, 678, 158, 283, 466, 302, 442, 647, 286, 366, 137, 742, 447, 808, 339, 504, 193, 931, 696, 315, 484, 459, 265, 30, 892, 949, 161, 109, 218, 809, 715, 458, 516, 231, 985, 179, 333, 998, 862, 659, 215, 910, 348, 541, 454, 581, 847, 849, 471, 286, 73, 264, 153, 851, 373, 675, 286, 749, 976, 700, 295, 694, 950, 484, 719, 684, 552, 470, 165, 656, 23, 888, 168, 436, 370, 567, 163, 419, 63, 957, 446, 839, 777, 124, 70, 837, 788, 945, 295, 141, 445, 895, 367, 436, 61, 427, 464, 176, 562, 180, 421, 989, 919, 557, 372, 767, 535, 97, 235, 398, 239, 370, 378, 778, 346, 899, 798, 714, 947, 836, 855, 468, 249, 988, 24, 164, 143, 318, 533, 512, 320, 375, 283, 548, 389, 339, 54, 603, 445, 866, 513, 120, 952, 51, 410, 34, 865, 206, 70, 556, 873, 55, 378, 372, 661, 852, 919, 890, 221, 752, 227, 427, 540, 736, 433, 589, 420, 865, 693, 439, 102, 798, 659, 856, 516, 633, 851, 842, 145, 296, 944, 796, 586, 441, 246, 118, 432, 244, 911, 491, 607, 599, 356, 281, 937, 912, 366, 750, 100, 281, 241, 729, 601, 48, 118, 888, 572, 522, 964, 389, 702, 198, 720, 563, 415, 78, 100, 702, 705, 904, 675, 36, 373, 814, 87, 202, 52, 779, 289, 336, 654, 987, 200, 361, 909, 496, 569, 774, 4, 166, 826, 936, 566, 147, 223, 899, 3, 246, 339, 140, 37, 113, 791, 543, 873, 455, 259, 465, 341, 673, 961, 19, 846, 709, 228, 890, 837, 225, 883, 891, 209, 105, 558, 705, 928, 847, 480, 685, 702, 173, 418, 287, 358, 626, 51, 238, 853, 487, 622, 54, 70, 466, 990, 913, 749, 417, 577, 419, 868, 790, 292, 263, 783, 740, 675, 849, 87, 524, 131, 749, 706, 701, 472, 542, 707, 262, 402, 532, 871, 502, 350, 582, 991, 641, 892, 587, 461, 881, 892, 43, 734, 329, 525, 113, 139, 324, 20, 152, 806, 921, 124, 441, 229, 398, 33, 258, 342, 975, 616, 256, 539, 261, 655, 672, 869, 122, 922, 121, 920, 907, 521, 991, 681, 384, 716, 191, 957, 748, 891, 841, 827, 546, 430, 468, 48, 869, 734, 342, 748, 230, 732, 878, 820, 559, 718, 123, 390, 652, 142, 415, 682, 832, 473, 958, 857, 218, 122, 651, 782, 744, 302, 797, 947, 584, 393, 539, 13, 160, 878, 941, 241, 537, 718, 789, 922, 402, 543, 468, 23, 155, 517, 277, 671, 435, 410, 264, 945, 908, 588, 617, 964, 63, 169, 389, 959, 50, 898, 747, 855, 543, 150, 34, 386, 751, 736, 766, 848, 972, 564, 115, 626, 641, 17, 282, 389, 888, 754, 177, 78, 308, 421, 273, 128, 771, 988, 427, 444, 607, 561, 138, 780, 560, 456, 100, 618, 634, 982, 337, 509, 484, 224, 154, 454, 110, 897, 465, 271, 568, 599, 57, 443, 20, 775, 102, 107, 431, 986, 136, 646, 979, 736, 346, 802, 988, 485, 644, 28, 57, 711, 698, 600, 827, 649, 242, 991, 284, 267, 971, 885, 5, 898, 640, 955, 363, 702, 675, 752, 347, 812, 107, 246, 292, 109, 668, 807, 895, 405, 237, 512, 851, 118, 482, 17, 771, 456, 588, 879, 506, 883, 296, 657, 368, 197, 523, 771, 292, 341, 886, 803, 93, 671, 738, 126, 870, 81, 407, 497, 730, 226, 658, 70, 721, 528, 688, 651, 79, 452, 651, 862, 882, 769, 301, 364, 794, 842, 219, 162, 583, 521, 876, 864, 758, 560, 864, 544, 979, 784, 993, 697, 7, 980, 135, 455, 751, 503, 303, 645, 460, 493, 451, 503, 147, 871, 703, 592, 479, 275, 168, 379, 916, 843, 673, 512, 512, 441, 635, 651, 195, 997, 423, 965, 792, 101, 827, 53, 472, 834, 852, 195, 426, 395, 745, 172, 185, 169, 166, 895, 696, 763, 999, 6, 376, 242, 182, 318, 329, 810, 517, 609, 899, 363, 556, 534, 982, 94, 421, 139, 661, 2, 644, 921, 453, 141, 333, 512, 158, 258, 734, 526, 970, 818, 547, 146, 464, 9, 828, 836, 864, 97, 141, 227, 999, 566, 37, 495, 468, 738, 724, 233, 776, 318, 795, 795, 68, 709, 835, 656, 257, 592, 329, 80, 627, 160, 442, 977, 346, 632, 207, 321, 281, 578, 263, 73, 629, 535, 14, 914, 382, 37, 292, 188, 181, 470, 749, 828, 265, 971, 294, 914, 37, 367, 246, 369, 792, 78, 579, 269, 538, 157, 148, 81, 486, 270, 888, 376, 328, 314, 930, 180, 782, 791, 915, 793, 92, 110, 186, 797, 451, 182, 183, 64, 266, 882, 717, 444, 187, 452, 595, 679, 186, 192, 685, 536, 469, 351, 207, 181, 888, 663, 429, 705, 776, 25, 922, 117, 118, 95, 27, 488, 327, 978, 349, 314, 490, 208, 37, 704, 86, 168, 941, 928, 556, 490, 131, 870, 957, 843, 871, 531, 295, 667, 742, 595, 774, 414, 56, 460, 535, 199, 520, 798, 871, 851, 555, 736, 256, 483, 821, 306, 1000, 519, 125, 76, 262, 823, 57, 495, 746, 91, 355, 721, 311, 175, 521, 176, 250, 526, 768, 311, 522, 450, 795, 325, 979, 510, 627, 388, 253, 380, 936, 3, 710, 79, 697, 294, 993, 439, 794, 870, 137, 116, 224, 840, 276, 884, 459, 177, 290, 34, 20, 871, 612, 951, 810, 819, 625, 839, 824, 76, 64, 371, 165, 387, 452, 272, 831, 57, 786, 789, 69, 375, 67, 83, 648, 296, 147, 201, 122, 72, 907, 189, 214, 643, 501, 579, 154, 331, 503, 446, 650, 665, 344, 255, 16, 871, 358, 176, 879, 816, 394, 448, 604, 306, 7, 935, 190, 712, 156, 91, 838, 342, 83, 687, 204, 467, 651, 832, 369, 55, 670, 776, 92, 529, 363, 950, 433, 246, 837, 43, 1000, 290, 543, 600, 692, 455, 356, 181, 539, 117, 595, 383, 680, 988, 121, 336, 443, 205, 905, 933, 917, 550, 818, 411, 380, 699, 50, 885, 105, 866, 994, 875, 513, 39, 1000, 840, 307, 563, 133, 448, 543, 182, 50, 88, 439, 288, 947, 473, 925, 384, 850, 993, 7, 301, 910, 911, 754, 230, 189, 372, 690, 763, 318, 53, 727, 73, 661, 455, 91, 547, 236, 349, 683, 133, 553, 192, 642, 343, 222, 986, 800, 695, 198, 80, 68, 420, 511, 129, 602, 493, 825, 681, 361, 113, 345, 448, 855, 904, 507, 768, 737, 477, 338, 753, 905, 562, 7, 407, 755, 462, 381, 529, 163, 384, 214, 984, 814, 84, 587, 285, 781, 426, 691, 246, 937, 759, 126, 537, 404, 291, 641, 453, 525, 729, 793, 833, 939, 711, 403, 966, 663, 662, 253, 503, 727, 623, 478, 718, 782, 306, 858, 200, 140, 580, 612, 288, 438, 384, 496, 648, 53, 464, 903, 376, 342, 751, 896, 72, 193, 226, 22, 32, 970, 566, 660, 876, 816, 277, 484, 378, 686, 632, 305, 734, 159, 704, 167, 480, 280, 715, 138, 704, 822, 59, 487, 178, 962, 742, 199, 923, 162, 76, 429, 386, 687, 831, 852, 481, 327, 134, 871, 40, 191, 958, 115, 444, 513, 339, 293, 455, 826, 629, 354, 551, 829, 462, 111, 81, 88, 504, 762, 369, 641, 446, 638, 297, 252, 13, 667, 956, 96, 128, 167, 825, 619, 585, 586, 373, 757, 91, 439, 450, 66, 935, 401, 114, 360, 320, 378, 439, 661, 165, 420, 921, 661, 355, 783, 81, 989, 968, 877, 206, 636, 277, 352, 720, 782, 444, 679, 962, 814, 196, 611, 589, 215, 339, 51, 899, 558, 983, 297, 968, 500, 764, 965, 413, 50, 146, 847, 115, 587, 218, 638, 500, 740, 113, 494, 812, 413, 365, 155, 533, 696, 845, 559, 833, 658, 175, 859, 396, 905, 341, 226, 534, 158, 578, 538, 407, 14, 792, 129, 698, 223, 159, 718, 78, 781, 856, 838, 537, 431, 925, 45, 339, 447, 360, 829, 248, 553, 272, 992, 443, 226, 458, 459, 779, 168, 678, 713, 909, 978, 661, 631, 812, 326, 821, 874, 126, 228, 14, 918, 715, 62, 211, 259, 543, 543, 191, 865, 27, 784, 633, 743, 869, 498, 460, 837, 751, 210, 446, 665, 103, 341, 833, 694, 797, 323, 112, 463, 543, 904, 137, 429, 601, 862, 673, 398, 269, 367, 30, 837, 330, 165, 930, 423, 203, 925, 350, 202, 335, 523, 808, 863, 334, 121, 424, 98, 337, 425, 415, 659, 747, 36, 445, 74, 170, 400, 239, 166, 599, 309, 528, 578, 95, 881, 496, 450, 166, 474, 141, 333, 978, 644, 285, 724, 901, 975, 561, 867, 595, 669, 224, 569, 68, 535, 754, 353, 951, 860, 329, 857, 367, 262, 141, 920, 3, 783, 624, 535, 69, 554, 934, 111, 802, 912, 838, 34, 566, 231, 788, 914, 679, 848, 97, 498, 606, 599, 697, 114, 65, 367, 160, 150, 640, 232, 612, 351, 361, 280, 668, 118, 886, 148, 674, 221, 175, 741, 804, 148, 768, 20, 684, 809, 726, 578, 60, 527, 796, 395, 613, 952, 546, 127, 590, 511, 828, 860, 438, 306, 292, 693, 742, 840, 37, 388, 441, 480, 463, 258, 224, 725, 646, 995, 82, 992, 881, 130, 767, 254, 858, 14, 579, 11, 456, 819, 623, 610, 433, 966, 485, 257, 676, 357, 773, 904, 444, 309, 551, 141, 692, 748, 849, 490, 936, 468, 749, 492, 552, 594, 694, 873, 412, 843, 999, 819, 247, 259, 428, 202, 631, 262, 687, 497, 40, 518, 812, 518, 851, 530, 360, 621, 96, 241, 950, 743, 485, 909, 694, 876, 160, 222, 318, 232, 140, 740, 402, 478, 407, 658, 138, 246, 876, 296, 795, 369, 283, 640, 628, 196, 700, 448, 914, 930, 478, 868, 347, 733, 688, 78, 567, 445, 939, 14, 816, 808, 29, 646, 503, 50, 888, 180, 441, 789, 47, 218, 446, 162, 304, 733, 924, 180, 224, 487, 588, 192, 303, 177, 366, 819, 16, 776, 898, 357, 758, 491, 78, 655, 829, 481, 804, 174, 545, 338, 876, 91, 531, 303, 629, 53, 967, 328, 616, 948, 113, 858, 957, 680, 646, 896, 756, 150, 786, 630, 428, 99, 887, 11, 536, 16, 222, 621, 792, 794, 388, 59, 598, 696, 98, 558, 836, 776, 74, 79, 520, 365, 339, 439, 239, 754, 865, 351, 314, 742, 727, 430, 908, 571, 135, 342, 84, 398, 909, 232, 387, 966, 32, 890, 612, 430, 965, 197, 769, 246, 884, 750, 293, 446, 310, 112, 777, 705, 900, 506, 857, 415, 197, 304, 648, 488, 334, 106, 397, 7, 794, 624, 988, 457, 680, 210, 51, 291, 149, 628, 369, 943, 136, 194, 799, 215, 423, 280, 333, 148, 530, 682, 459, 648, 649, 455, 23, 195, 670, 919, 73, 383, 18, 253, 271, 687, 430, 907, 604, 445, 786, 604, 499, 909, 813, 946, 444, 759, 660, 863, 723, 661, 821, 981, 688, 809, 592, 67, 253, 164, 672, 929, 193, 708, 290, 680, 364, 511, 541, 788, 604, 223, 921, 644, 114, 957, 478, 941, 159, 990, 587, 552, 518, 123, 789, 419, 152, 979, 445, 712, 961, 964, 178, 201, 476, 240, 436, 921, 737, 158, 604, 581, 176, 609, 491, 775, 77, 823, 541, 742, 160, 970, 435, 93, 865, 528, 175, 203, 64, 392, 880, 567, 781, 306, 572, 580, 373, 503, 141, 334, 496, 431, 134, 635, 542, 544, 474, 874, 39, 67, 627, 592, 504, 479, 526, 361, 546, 120, 749, 272, 330, 975, 681, 192, 105, 556, 120, 126, 582, 894, 509, 623, 302, 482, 775, 661, 671, 477, 998, 107, 599, 384, 981, 235, 73, 935, 831, 496, 701, 412, 463, 668, 750, 457, 886, 637, 651, 56, 1, 539, 989, 404, 423, 265, 837, 613, 847, 327, 546, 66, 426, 3, 838, 333, 183, 71, 797, 339, 887, 867, 268, 34, 549, 814, 244, 111, 755, 408, 462, 321, 492, 323, 803, 718, 371, 782, 855, 446, 771, 840, 655, 32, 961, 32, 838, 829, 339, 189, 684, 793, 609, 126, 320, 442, 90, 671, 754, 827, 205, 980, 198, 685, 892, 618, 525, 984, 506, 142, 349, 229, 828, 409, 322, 582, 615, 1, 869, 81, 986, 624, 951, 572, 864, 653, 260, 893, 213, 607, 487, 337, 460, 43, 854, 229, 548, 509, 960, 282, 537, 333, 663, 709, 343, 688, 938, 363, 106, 746, 308, 622, 377, 729, 266, 851, 546, 28, 331, 925, 741, 197, 716, 603, 932, 311, 620, 789, 502, 301, 98, 663, 656, 737, 919, 28, 497, 680, 709, 416, 200, 590, 719, 885, 465, 516, 621, 70, 414, 679, 787, 841, 571, 300, 98, 326, 521, 946, 835, 917, 4, 761, 190, 59, 223, 668, 757, 546, 496, 404, 479, 961, 555, 432, 841, 682, 427, 798, 406, 293, 414, 702, 671, 662, 124, 801, 939, 943, 720, 416, 77, 447, 969, 63, 636, 317, 922, 306, 956, 179, 514, 813, 361, 629, 615, 656, 570, 796, 306, 334, 864, 706, 337, 483, 829, 545, 899, 457, 134, 312, 793, 736, 716, 983, 74, 779, 773, 723, 566, 696, 16, 592, 645, 843, 84, 204, 918, 369, 256, 943, 838, 340, 936, 712, 186, 905, 795, 175, 305, 496, 290, 332, 720, 429, 602, 423, 715, 349, 989, 175, 767, 961, 228, 118, 571, 665, 592, 791, 706, 236, 145, 744, 31, 749, 236, 30, 997, 106, 273, 690, 8, 832, 635, 388, 735, 60, 566, 760, 556, 731, 28, 544, 651, 990, 395, 876, 486, 479, 306, 828, 625, 435, 495, 198, 937, 561, 208, 73, 715, 266, 808, 470, 71, 364, 834, 185, 82, 357, 782, 537, 548, 805, 315, 166, 819, 396, 788, 591, 21, 690, 794, 581, 774, 952, 827, 221, 878, 111, 532, 351, 949, 429, 376, 821, 46, 574, 638, 527, 801, 37, 70, 287, 967, 435, 702, 210, 447, 362, 384, 933, 103, 605, 714, 916, 526, 669, 538, 653, 25, 756, 202, 195, 265, 485, 917, 823, 923, 748, 969, 652, 405, 842, 718, 684, 15, 70, 830, 291, 633, 425, 802, 953, 689, 843, 841, 956, 257, 946, 380, 984, 344, 764, 860, 610, 442, 465, 117, 880, 171, 553, 378, 632, 317, 424, 211, 186, 870, 704, 675, 395, 358, 270, 771, 440, 977, 166, 169, 632, 145, 379, 197, 293, 411, 82, 918, 79, 723, 714, 604, 246, 479, 354, 621, 754, 743, 897, 4, 200, 420, 800, 205, 659, 898, 144, 742, 513, 242, 132, 667, 716, 319, 475, 367, 667, 363, 902, 794, 399, 416, 677, 452, 872, 473, 562, 10, 730, 867, 817, 513, 848, 766, 239, 690, 244, 122, 4, 40, 432, 287, 50, 54, 924, 129, 757, 989, 388, 159, 51, 646, 439, 295, 685, 171, 114, 81, 742, 76, 561, 189, 558, 511, 9, 695, 295, 732, 42, 150, 244, 112, 3, 609, 758, 940, 303, 607, 681, 85, 262, 102, 11, 628, 476, 675, 629, 993, 89, 954, 157, 975, 75, 347, 544, 693, 40, 992, 573, 427, 864, 390, 625, 58, 410, 669, 820, 975, 677, 480, 344, 586, 994, 238, 48, 985, 579, 834, 385, 681, 182, 95, 432, 48, 145, 428, 944, 42, 43, 264, 896, 376, 676, 54, 478, 998, 923, 910, 764, 320, 137, 928, 415, 177, 140, 457, 832, 38, 762, 113, 563, 25, 215, 349, 602, 229, 714, 757, 715, 792, 490, 416, 414, 778, 837, 475, 340, 866, 57, 718, 636, 842, 49, 512, 531, 642, 482, 336, 350, 951, 971, 511, 31, 641, 800, 915, 1000, 600, 95, 391, 860, 310, 630, 861, 655, 962, 282, 798, 342, 686, 377, 278, 139, 73, 992, 955, 21, 852, 657, 833, 63, 875, 149, 986, 490, 581, 80, 19, 727, 253, 227, 489, 826, 256, 158, 772, 15, 389, 402, 708, 706, 86, 975, 389, 354, 769, 990, 477, 849, 480, 211, 374, 134, 866, 342, 186, 263, 319, 595, 89, 777, 854, 802, 189, 532, 531, 251, 523, 745, 454, 311, 314, 419, 937, 236, 165, 71, 946, 450, 311, 118, 382, 504, 864, 122, 509, 576, 530, 309, 439, 622, 538, 172, 570, 698, 408, 520, 719, 127, 987, 995, 653, 685, 241, 845, 264, 200, 547, 635, 297, 431, 163, 145, 830, 355, 534, 464, 434, 552, 903, 514, 723, 527, 395, 749, 150, 522, 167, 408, 37, 644, 234, 695, 780, 674, 912, 534, 629, 281, 465, 537, 988, 278, 853, 986, 681, 473, 944, 751, 406, 16, 429, 21, 333, 955, 522, 155, 600, 172, 590, 806, 202, 122, 993, 744, 191, 882, 780, 488, 212, 949, 574, 32, 62, 984, 607, 630, 974, 994, 536, 431, 686, 442, 662, 382, 480, 447, 664, 258, 137, 378, 264, 713, 602, 913, 366, 42, 929, 438, 512, 379, 531, 832, 177, 141, 334, 914, 990, 214, 480, 306, 443, 629, 722, 833, 573, 318, 95, 547, 729, 886, 312, 576, 507, 846, 21, 45, 866, 65, 25, 510, 173, 614, 323, 343, 584, 93, 453, 833, 759, 160, 740, 493, 765, 196, 335, 287, 227, 464, 761, 76, 855, 463, 859, 537, 613, 602, 675, 516, 755, 614, 390, 908, 3, 883, 900, 720, 956, 662, 302, 461, 19, 841, 146, 926, 273, 667, 579, 151, 951, 838, 538, 159, 765, 560, 690, 825, 739, 404, 17, 364, 724, 735, 59, 916, 841, 100, 122, 100, 224, 18, 494, 866, 6, 938, 241, 290, 135, 699, 170, 664, 477, 409, 477, 598, 49, 735, 29, 781, 64, 720, 988, 643, 789, 46, 981, 554, 824, 826, 765, 327, 101, 821, 164, 26, 412, 205, 69, 605, 814, 606, 8, 467, 139, 370, 140, 311, 992, 135, 314, 634, 361, 151, 798, 384, 442, 911, 115, 727, 264, 970, 881, 780, 813, 929, 726, 337, 266, 37, 711, 23, 89, 675, 597, 578, 160, 77, 579, 705, 755, 605, 803, 726, 544, 842, 869, 572, 955, 93, 94, 679, 811, 174, 123, 943, 698, 398, 913, 13, 520, 336, 236, 927, 901, 868, 74, 5, 525, 641, 619, 326, 274, 17, 221, 450, 376, 144, 44, 819, 574, 479, 411, 431, 378, 674, 286, 498, 321, 387, 410, 913, 710, 206, 5, 405, 528, 616, 821, 836, 137, 666, 703, 533, 335, 567, 110, 449, 228, 33, 236, 816, 609, 57, 822, 526, 241, 656, 664, 624, 826, 451, 950, 14, 640, 829, 17, 937, 173, 236, 166, 665, 135, 596, 686, 199, 73, 729, 210, 650, 359, 651, 681, 689, 525, 958, 756, 62, 443, 211, 731, 468, 562, 437, 174, 738, 608, 853, 480, 994, 128, 578, 899, 184, 179, 397, 726, 27, 205, 248, 427, 479, 959, 228, 90, 810, 836, 437, 220, 392, 494, 403, 487, 820, 972, 414, 607, 760, 509, 784, 465, 58, 719, 992, 853, 675, 385, 117, 599, 680, 154, 219, 602, 447, 754, 615, 355, 570, 1000, 645, 280, 742, 651, 657, 881, 54, 785, 430, 951, 711, 7, 985, 616, 469, 362, 27, 624, 806, 65, 201, 324, 147, 737, 661, 490, 555, 29, 907, 352, 333, 584, 476, 322, 56, 338, 474, 671, 574, 44, 260, 550, 329, 766, 865, 471, 420, 743, 433, 215, 579, 920, 153, 970, 901, 953, 407, 611, 566, 583, 6, 781, 972, 233, 66, 104, 491, 360, 62, 31, 403, 468, 663, 97, 436, 689, 682, 806, 791, 996, 439, 784, 513, 433, 911, 338, 768, 474, 19, 603, 244, 971, 141, 499, 169, 955, 557, 327, 611, 809, 501, 572, 766, 631, 973, 555, 505, 396, 542, 451, 437, 611, 61, 632, 309, 432, 816, 721, 151, 778, 508, 619, 213, 940, 738, 631, 83, 931, 451, 30, 50, 405, 339, 24, 689, 342, 213, 266, 428, 927, 131, 314, 359, 605, 363, 25, 507, 242, 162, 325, 621, 342, 205, 558, 254, 952, 801, 743, 133, 216, 512, 842, 788, 14, 487, 727, 251, 979, 253, 597, 188, 828, 473, 781, 525, 800, 389, 711, 464, 790, 937, 501, 818, 23, 900, 371, 773, 553, 790, 399, 691, 103, 421, 92, 3, 564, 295, 49, 315, 508, 837, 73, 42, 254, 969, 298, 730, 393, 800, 363, 708, 57, 668, 923, 515, 403, 408, 974, 255, 826, 618, 643, 4, 489, 406, 875, 376, 1000, 155, 156, 137, 435, 807, 34, 566, 67, 79, 460, 533, 678, 118, 202, 899, 492, 21, 324, 476, 197, 580, 215, 263, 731, 242, 761, 193, 305, 821, 501, 328, 712, 239, 86, 386, 287, 749, 586, 888, 846, 632, 486, 730, 676, 282, 542, 939, 145, 267, 158, 773, 634, 650, 762, 505, 927, 971, 312, 775, 762, 174, 457, 204, 584, 213, 689, 279, 666, 843, 507, 113, 944, 589, 791, 989, 881, 651, 622, 506, 139, 327, 376, 687, 362, 677, 573, 759, 494, 663, 272, 446, 739, 984, 907, 216, 465, 79, 202, 847, 439, 209, 208, 511, 584, 583, 67, 895, 191, 324, 314, 154, 380, 854, 435, 355, 69, 50, 276, 794, 65, 512, 959, 64, 27, 540, 243, 206, 892, 482, 671, 967, 938, 519, 675, 125, 114, 968, 461, 167, 989, 441, 622, 745, 867, 528, 734, 115, 214, 113, 763, 195, 154, 501, 842, 516, 363, 888, 648, 968, 304, 44, 480, 738, 392, 262, 546, 784, 303, 84, 263, 238, 801, 214, 508, 516, 693, 178, 156, 251, 825, 81, 847, 564, 837, 174, 682, 30, 984, 897, 944, 157, 920, 200, 45, 376, 753, 614, 985, 428, 529, 577, 59, 899, 426, 678, 285, 363, 995, 753, 975, 360, 216, 219, 506, 605, 814, 516, 149, 251, 948, 904, 545, 54, 222, 225, 967, 369, 542, 614, 421, 184, 598, 470, 3, 825, 618, 222, 964, 586, 997, 346, 787, 499, 108, 650, 354, 64, 985, 479, 775, 629, 709, 654, 420, 503, 930, 890, 642, 36, 189, 98, 164, 72, 78, 561, 574, 775, 533, 937, 59, 565, 455, 75, 167, 877, 591, 258, 971, 430, 328, 32, 271, 282, 674, 766, 699, 2, 860, 562, 468, 119, 784, 889, 891, 124, 879, 939, 488, 380, 663, 533, 392, 77, 930, 191, 847, 767, 531, 27, 807, 637, 824, 685, 914, 540, 15, 893, 976, 329, 950, 978, 904, 124, 252, 360, 881, 599, 612, 17, 540, 975, 77, 780, 113, 342, 113, 433, 687, 350, 671, 229, 969, 95, 804, 565, 532, 66, 620, 788, 131, 49, 751, 741, 463, 97, 8, 348, 820, 997, 314, 424, 625, 724, 253, 70, 488, 260, 269, 163, 179, 253, 867, 358, 731, 473, 599, 310, 190, 417, 982, 612, 483, 349, 755, 793, 940, 737, 722, 250, 712, 831, 670, 114, 822, 32, 551, 247, 972, 556, 474, 776, 950, 460, 435, 403, 740, 390, 514, 592, 410, 34, 759, 433, 348, 887, 638, 74, 32, 529, 53, 403, 926, 635, 734, 987, 294, 876, 875, 772, 274, 48, 666, 377, 882, 71, 104, 732, 187, 69, 676, 115, 399, 140, 902, 316, 868, 237, 251, 914, 968, 760, 102, 522, 556, 936, 979, 674, 676, 559, 352, 809, 206, 496, 621, 876, 906, 705, 61, 354, 213, 130, 121, 30, 259, 911, 525, 143, 327, 683, 180, 168, 962, 140, 325, 735, 212, 60, 62, 605, 1000, 731, 1000, 305, 726, 320, 195, 186, 782, 138, 581, 154, 150, 183, 907, 140, 247, 81, 501, 5, 745, 358, 488, 991, 646, 539, 61, 416, 782, 353, 605, 616, 369, 45, 723, 935, 110, 615, 72, 16, 656, 116, 928, 196, 897, 990, 919, 710, 261, 873, 721, 617, 742, 928, 767, 434, 461, 393, 734, 603, 667, 987, 582, 823, 688, 966, 20, 541, 676, 682, 708, 564, 672, 558, 853, 474, 186, 886, 885, 657, 36, 447, 61, 829, 969, 949, 235, 617, 466, 608, 938, 632, 672, 273, 665, 783, 985, 120, 901, 95, 144, 158, 810, 519, 937, 123, 759, 802, 765, 733, 754, 16, 155, 733, 519, 368, 657, 313, 790, 662, 857, 493, 665, 241, 988, 363, 234, 325, 456, 966, 48, 943, 10, 358, 60, 670, 25, 694, 941, 962, 739, 389, 963, 920, 94, 170, 598, 37, 327, 855, 919, 373, 666, 570, 346, 86, 776, 829, 693, 730, 545, 929, 80, 704, 744, 219, 53, 377, 325, 478, 716, 871, 739, 367, 546, 655, 247, 871, 30, 351, 50, 498, 552, 733, 898, 825, 24, 518, 403, 938, 175, 219, 421, 463, 250, 735, 690, 938, 209, 974, 77, 30, 384, 410, 334, 581, 591, 592, 830, 12, 490, 848, 610, 80, 635, 443, 631, 486, 891, 562, 664, 250, 902, 774, 968, 849, 514, 526, 62, 773, 438, 702, 455, 871, 298, 980, 508, 66, 971, 952, 133, 18, 893, 746, 963, 852, 353, 731, 732, 128, 575, 308, 768, 210, 950, 237, 864, 871, 337, 800, 649, 258, 109, 635, 381, 320, 177, 486, 619, 758, 279, 582, 298, 744, 315, 859, 76, 137, 731, 86, 380, 721, 650, 418, 661, 678, 453, 664, 418, 337, 412, 934, 89, 852, 804, 452, 512, 226, 590, 990, 811, 301, 146, 601, 87, 209, 625, 643, 12, 611, 659, 220, 82, 482, 683, 653, 248, 214, 743, 309, 68, 384, 372, 481, 183, 491, 607, 802, 978, 652, 869, 936, 748, 803, 737, 40, 871, 285, 690, 975, 595, 784, 591, 355, 64, 10, 131, 134, 899, 738, 900, 461, 848, 644, 651, 971, 15, 440, 973, 897, 539, 501, 319, 848, 926, 609, 688, 452, 650, 989, 352, 774, 626, 40, 998, 974, 140, 848, 285, 565, 344, 974, 15, 638, 497, 32, 369, 269, 72, 517, 210, 936, 440, 140, 326, 42, 449, 400, 540, 257, 713, 833, 583, 627, 343, 576, 512, 938, 505, 827, 545, 85, 491, 371, 274, 619, 684, 442, 256, 779, 71, 57, 521, 861, 406, 382, 761, 20, 553, 234, 132, 556, 521, 503, 12, 888, 848, 248, 960, 256, 293, 70, 685, 672, 516, 696, 982, 961, 276, 1, 86, 933, 728, 43, 262, 945, 330, 432, 991, 865, 186, 324, 348, 478, 640, 970, 250, 74, 384, 469, 233, 763, 288, 65, 405, 549, 504, 790, 463, 28, 779, 407, 916, 844, 894, 591, 904, 809, 357, 706, 733, 82, 592, 540, 756, 689, 39, 73, 746, 27, 947, 915, 789, 108, 646, 448, 192, 810, 282, 659, 349, 756, 815, 900, 538, 325, 756, 4, 383, 302, 18, 994, 456, 376, 810, 561, 528, 484, 621, 717, 511, 614, 647, 577, 394, 938, 634, 86, 286, 518, 495, 208, 419, 301, 300, 847, 116, 709, 895, 878, 146, 892, 985, 911, 156, 130, 153, 421, 364, 32, 491, 271, 833, 23, 726, 640, 832, 388, 294, 204, 498, 889, 524, 462, 274, 692, 914, 366, 841, 709, 685, 551, 198, 939, 57, 511, 339, 983, 103, 232, 503, 820, 528, 779, 629, 295, 529, 262, 436, 77, 215, 629, 373, 589, 406, 391, 670, 876, 573, 746, 26, 168, 973, 662, 195, 480, 856, 319, 808, 765, 819, 254, 349, 828, 366, 711, 506, 944, 394, 474, 241, 176, 479, 6, 655, 974, 700, 53, 775, 945, 866, 795, 364, 907, 907, 217, 989, 753, 341, 482, 558, 778, 237, 246, 805, 211, 427, 911, 168, 700, 411, 392, 542, 796, 536, 870, 548, 488, 481, 446, 470, 986, 416, 230, 68, 94, 536, 101, 509, 120, 358, 773, 709, 443, 416, 120, 360, 54, 300, 827, 561, 625, 21, 473, 775, 839, 116, 410, 937, 87, 253, 582, 640, 47, 719, 303, 79, 319, 755, 804, 756, 642, 341, 153, 982, 282, 605, 58, 946, 301, 181, 224, 449, 642, 896, 452, 890, 721, 818, 236, 379, 930, 541, 97, 523, 591, 783, 728, 162, 876, 730, 95, 899, 270, 567, 479, 532, 39, 567, 460, 308, 188, 95, 332, 534, 989, 444, 183, 165, 501, 41, 668, 764, 405, 260, 764, 663, 386, 94, 383, 967, 452, 468, 580, 716, 972, 543, 71, 138, 931, 466, 38, 451, 266, 72, 403, 483, 389, 570, 666, 899, 107, 371, 699, 357, 163, 119, 287, 292, 98, 379, 675, 55, 167, 687, 841, 707, 496, 571, 168, 916, 558, 717, 596, 37, 70, 597, 452, 61, 461, 864, 246, 29, 896, 703, 932, 127, 724, 175, 42, 383, 90, 485, 241, 168, 32, 308, 572, 133, 349, 258, 191, 58, 134, 38, 383, 615, 965, 23, 391, 299, 927, 706, 922, 840, 477, 895, 590, 479, 441, 59, 328, 782, 686, 403, 771, 403, 393, 116, 310, 943, 677, 817, 537, 834, 671, 694, 864, 767, 737, 918, 887, 302, 809, 777, 382, 698, 818, 205, 63, 414, 742, 556, 263, 861, 41, 808, 676, 778, 783, 84, 975, 55, 743, 179, 866, 145, 2, 487, 434, 159, 261, 411, 870, 207, 620, 473, 551, 911, 331, 859, 935, 840, 73, 935, 216, 844, 977, 369, 652, 991, 10, 713, 888, 448, 929, 432, 409, 799, 298, 218, 715, 840, 710, 248, 722, 184, 755, 560, 912, 685, 745, 283, 521, 682, 926, 687, 20, 64, 101, 106, 894, 307, 360, 7, 952, 389, 4, 509, 953, 253, 832, 319, 857, 844, 557, 905, 544, 405, 301, 310, 339, 185, 418, 568, 209, 235, 34, 471, 356, 117, 172, 747, 846, 655, 791, 614, 762, 29, 768, 9, 387, 261, 304, 340, 616, 744, 318, 24, 475, 405, 497, 746, 543, 93, 179, 496, 104, 874, 997, 825, 509, 756, 387, 142, 500, 559, 91, 652, 635, 887, 355, 414, 232, 677, 108, 259, 804, 929, 33, 644, 538, 203, 394, 928, 655, 445, 599, 207, 897, 910, 34, 399, 135, 979, 925, 62, 992, 491, 400, 662, 620, 277, 519, 639, 410, 53, 333, 849, 481, 26, 642, 706, 584, 451, 206, 208, 490, 304, 673, 923, 384, 423, 571, 52, 767, 29, 681, 167, 212, 110, 934, 398, 707, 27, 718, 426, 859, 526, 459, 73, 298, 530, 629, 47, 137, 896, 202, 464, 1000, 682, 558, 287, 600, 382, 686, 672, 450, 61, 572, 218, 202, 849, 591, 834, 692, 861, 873, 294, 467, 861, 604, 370, 577, 807, 566, 203, 627, 977, 896, 611, 685, 225, 85, 475, 150, 622, 423, 916, 956, 721, 380, 624, 601, 616, 85, 208, 17, 631, 498, 485, 514, 660, 734, 57, 922, 484, 539, 950, 449, 961, 894, 712, 119, 123, 118, 442, 209, 62, 922, 726, 883, 164, 83, 609, 203, 425, 765, 2, 472, 830, 454, 914, 332, 102, 531, 976, 939, 43, 388, 500, 399, 327, 432, 445, 440, 997, 190, 844, 754, 178, 970, 993, 904, 118, 853, 161, 778, 862, 738, 375, 276, 62, 846, 456, 160, 559, 80, 295, 154, 130, 256, 53, 707, 547, 132, 116, 696, 561, 154, 43, 796, 780, 509, 232, 727, 13, 201, 856, 207, 999, 275, 977, 125, 714, 506, 49, 959, 487, 396, 742, 501, 669, 434, 474, 185, 820, 941, 688, 414, 632, 489, 708, 438, 748, 469, 477, 938, 760, 360, 238, 232, 582, 600, 726, 3, 351, 417, 699, 679, 229, 840, 345, 766, 782, 714, 145, 580, 683, 264, 869, 33, 963, 39, 566, 44, 635, 532, 516, 575, 549, 274, 469, 307, 616, 275, 586, 785, 438, 338, 121, 756, 829, 647, 277, 648, 508, 168, 494, 122, 191, 875, 617, 70, 680, 115, 406, 805, 892, 87, 461, 61, 905, 550, 450, 42, 908, 116, 615, 556, 51, 744, 135, 236, 229, 832, 199, 882, 877, 467, 351, 262, 556, 327, 98, 849, 694, 962, 921, 586, 15, 86, 488, 452, 898, 855, 198, 905, 989, 806, 190, 70, 973, 551, 872, 297, 666, 38, 87, 993, 762, 639, 181, 924, 931, 639, 811, 854, 990, 110, 498, 351, 929, 633, 487, 247, 413, 614, 423, 765, 1000, 267, 241, 572, 872, 905, 422, 16, 565, 590, 837, 333, 959, 761, 365, 880, 368, 962, 938, 944, 215, 391, 798, 770, 567, 882, 405, 829, 54, 661, 273, 995, 324, 814, 862, 600, 953, 302, 462, 917, 406, 759, 317, 472, 429, 145, 584, 563, 654, 418, 579, 651, 794, 332, 411, 382, 940, 237, 563, 144, 698, 938, 902, 288, 653, 250, 830, 941, 317, 357, 337, 530, 904, 377, 217, 974, 254, 601, 392, 812, 388, 133, 552, 216, 668, 164, 395, 871, 186, 155, 297, 315, 380, 382, 412, 10, 517, 377, 959, 134, 621, 522, 114, 104, 736, 599, 570, 957, 524, 659, 643, 896, 272, 598, 588, 195, 46, 875, 584, 183, 283, 197, 738, 483, 693, 551, 953, 742, 11, 744, 692, 426, 993, 624, 475, 954, 119, 490, 476, 286, 637, 825, 748, 876, 550, 787, 435, 896, 130, 140, 318, 403, 472, 699, 308, 570, 460, 597, 200, 510, 984, 139, 628, 198, 986, 351, 427, 461, 462, 738, 485, 943, 631, 943, 72, 321, 827, 724, 285, 598, 409, 614, 602, 177, 614, 146, 938, 702, 552, 281, 151, 563, 371, 86, 738, 377, 985, 780, 559, 808, 250, 278, 959, 518, 705, 534, 92, 517, 501, 219, 317, 361, 439, 171, 929, 306, 497, 927, 23, 522, 378, 728, 736, 132, 283, 330, 590, 791, 818, 887, 330, 690, 368, 305, 370, 652, 514, 801, 488, 601, 375, 157, 394, 468, 698, 193, 527, 630, 270, 296, 265, 36, 871, 632, 381, 849, 30, 930, 550, 841, 4, 574, 664, 298, 974, 483, 851, 77, 461, 780, 505, 616, 83, 219, 991, 643, 295, 512, 511, 916, 153, 235, 165, 687, 243, 273, 173, 957, 41, 273, 220, 775, 768, 836, 643, 262, 710, 923, 276, 250, 455, 211, 271, 828, 453, 384, 233, 918, 332, 502, 44, 740, 216, 281, 811, 26, 46, 663, 157, 583, 733, 648, 608, 747, 682, 876, 694, 33, 131, 475, 544, 878, 983, 924, 798, 820, 76, 344, 904, 543, 218, 593, 2, 231, 147, 516, 496, 398, 584, 454, 655, 878, 119, 87, 110, 409, 950, 325, 550, 754, 815, 303, 176, 226, 663, 419, 546, 581, 273, 409, 982, 493, 441, 3, 940, 889, 317, 247, 18, 460, 510, 402, 481, 291, 877, 486, 665, 868, 229, 395, 124, 605, 822, 655, 187, 985, 620, 728, 839, 933, 620, 20, 96, 486, 388, 836, 649, 258, 899, 312, 722, 154, 959, 222, 583, 911, 202, 530, 760, 580, 5, 983, 878, 737, 597, 216, 480, 506, 959, 323, 176, 780, 552, 357, 872, 418, 419, 217, 526, 99, 655, 424, 337, 694, 273, 196, 302, 989, 287, 719, 998, 857, 72, 796, 471, 790, 257, 868, 536, 839, 451, 937, 907, 664, 44, 942, 698, 602, 475, 780, 797, 883, 820, 417, 941, 134, 811, 926, 656, 446, 275, 233, 877, 487, 915, 442, 568, 57, 167, 268, 959, 310, 765, 330, 600, 536, 97, 820, 830, 325, 188, 775, 329, 273, 69, 48, 842, 217, 741, 757, 538, 577, 736, 160, 327, 543, 157, 124, 103, 5, 11, 161, 616, 889, 770, 952, 575, 114, 446, 443, 115, 87, 183, 464, 745, 649, 940, 145, 778, 781, 770, 386, 683, 83, 87, 222, 740, 755, 354, 257, 187, 874, 302, 177, 664, 396, 439, 842, 254, 561, 204, 300, 796, 223, 446, 580, 501, 949, 739, 809, 565, 431, 321, 684, 857, 817, 544, 184, 298, 541, 505, 443, 120, 472, 704, 125, 370, 578, 592, 242, 71, 586, 169, 80, 415, 387, 233, 968, 351, 247, 587, 856, 85, 948, 375, 804, 429, 884, 617, 513, 376, 927, 88, 337, 819, 616, 716, 604, 760, 672, 349, 41, 339, 397, 815, 119, 868, 903, 463, 416, 810, 943, 22, 424, 178, 316, 996, 72, 706, 20, 147, 726, 137, 220, 826, 794, 426, 322, 766, 642, 769, 578, 542, 927, 548, 541, 260, 508, 718, 390, 379, 630, 7, 642, 924, 450, 201, 785, 586, 695, 4, 880, 488, 760, 793, 944, 952, 97, 845, 365, 278, 802, 638, 678, 886, 49, 34, 532, 354, 286, 520, 55, 937, 98, 150, 802, 193, 608, 639, 983, 980, 164, 583, 566, 299, 441, 426, 826, 697, 297, 38, 588, 14, 585, 363, 559, 852, 71, 569, 596, 311, 833, 920, 567, 891, 626, 852, 871, 914, 336, 947, 265, 276, 87, 628, 141, 164, 944, 331, 679, 554, 577, 966, 731, 797, 709, 504, 867, 860, 982, 139, 218, 867, 36, 33, 182, 812, 367, 32, 212, 296, 993, 751, 450, 300, 293, 47, 781, 806, 624, 612, 384, 24, 286, 376, 617, 675, 509, 859, 442, 346, 636, 452, 49, 73, 514, 449, 745, 669, 220, 524, 122, 48, 891, 847, 889, 697, 733, 273, 795, 320, 68, 490, 201, 222, 814, 300, 526, 874, 181, 395, 322, 278, 21, 618, 380, 316, 417, 848, 445, 203, 419, 140, 18, 697, 419, 213, 409, 480, 932, 611, 489, 118, 403, 42, 733, 544, 379, 144, 181, 144, 46, 224, 600, 202, 862, 908, 721, 707, 16, 938, 64, 836, 233, 441, 141, 992, 76, 544, 300, 238, 71, 409, 946, 659, 628, 896, 934, 638, 398, 219, 657, 625, 94, 795, 210, 977, 694, 986, 761, 19, 137, 321, 789, 544, 657, 377, 265, 32, 585, 58, 272, 38, 811, 581, 295, 232, 803, 8, 126, 814, 599, 709, 920, 608, 666, 430, 536, 186, 32, 519, 300, 133, 212, 617, 160, 886, 917, 770, 61, 352, 258, 268, 33, 975, 51, 89, 243, 406, 524, 718, 145, 321, 996, 901, 320, 640, 450, 190, 485, 889, 765, 175, 64, 133, 178, 895, 146, 954, 700, 528, 977, 402, 299, 985, 417, 336, 471, 908, 549, 904, 833, 457, 485, 415, 898, 820, 206, 735, 285, 413, 5, 60, 401, 480, 45, 411, 309, 556, 41, 838, 917, 417, 360, 545, 59, 86, 316, 547, 465, 19, 740, 386, 268, 273, 739, 933, 583, 313, 83, 710, 886, 815, 613, 457, 3, 723, 59, 100, 902, 702, 975, 715, 961, 705, 100, 191, 169, 875, 918, 386, 705, 22, 764, 252, 351, 384, 445, 860, 754, 706, 16, 151, 409, 983, 372, 715, 378, 748, 492, 267, 502, 111, 838, 275, 849, 496, 91, 616, 867, 540, 302, 601, 149, 836, 528, 597, 471, 442, 722, 509, 411, 807, 972, 694, 39, 638, 408, 178, 743, 60, 24, 971, 770, 240, 602, 998, 781, 949, 599, 524, 791, 778, 30, 656, 206, 584, 208, 673, 300, 417, 476, 901, 696, 854, 281, 187, 434, 487, 953, 101, 599, 552, 708, 522, 962, 245, 8, 84, 125, 353, 172, 552, 354, 629, 764, 825, 788, 554, 786, 959, 984, 433, 687, 143, 249, 407, 422, 590, 920, 332, 424, 816, 61, 557, 997, 417, 413, 584, 91, 414, 58, 691, 74, 468, 908, 165, 293, 143, 432, 794, 166, 883, 39, 461, 371, 670, 64, 4, 409, 906, 38, 61, 563, 109, 819, 544, 159, 335, 730, 692, 393, 610, 743, 888, 475, 717, 15, 278, 668, 261, 499, 606, 100, 45, 308, 24, 301, 972, 862, 226, 959, 640, 522, 865, 39, 100, 928, 729, 829, 300, 256, 438, 57, 102, 557, 982, 832, 964, 822, 248, 74, 585, 805, 678, 913, 81, 507, 554, 372, 398, 329, 127, 238, 807, 811, 658, 932, 545, 929, 203, 885, 535, 575, 70, 760, 206, 569, 753, 470, 239, 346, 926, 945, 623, 295, 273, 15, 806, 114, 665, 787, 720, 905, 458, 497, 814, 698, 696, 301, 991, 686, 327, 781, 750, 779, 366, 115, 569, 445, 255, 547, 811, 523, 714, 822, 7, 196, 427, 590, 908, 967, 309, 344, 845, 849, 82, 626, 45, 698, 81, 881, 861, 900, 887, 69, 3, 719, 513, 53, 488, 831, 610, 889, 623, 869, 390, 794, 409, 87, 246, 277, 89, 951, 695, 941, 393, 998, 789, 328, 32, 965, 708, 81, 571, 723, 381, 261, 198, 867, 54, 633, 522, 42, 362, 7, 448, 40, 79, 511, 42, 558, 149, 141, 881, 636, 295, 640, 963, 754, 180, 108, 772, 613, 678, 716, 524, 432, 911, 478, 514, 689, 73, 670, 484, 783, 630, 487, 731, 355, 422, 7, 588, 330, 20, 546, 542, 57, 153, 354, 110, 415, 769, 346, 583, 565, 380, 283, 180, 128, 320, 845, 926, 94, 812, 671, 926, 269, 126, 560, 187, 53, 266, 205, 279, 526, 725, 72, 358, 642, 629, 491, 64, 482, 719, 804, 450, 96, 286, 355, 81, 740, 155, 856, 183, 290, 789, 878, 850, 571, 39, 46, 860, 288, 545, 423, 396, 518, 395, 801, 346, 194, 145, 160, 36, 299, 320, 93, 895, 164, 322, 514, 737, 421, 136, 399, 132, 319, 566, 56, 295, 315, 547, 570, 98, 599, 715, 665, 888, 637, 674, 717, 192, 474, 551, 376, 976, 915, 257, 810, 50, 931, 792, 734, 956, 460, 909, 850, 903, 137, 588, 685, 423, 509, 203, 165, 35, 26, 779, 53, 158, 137, 167, 477, 814, 566, 245, 697, 244, 203, 615, 326, 856, 88, 41, 886, 245, 356, 888, 951, 988, 806, 935, 409, 467, 295, 279, 766, 432, 936, 809, 310, 900, 655, 583, 616, 801, 386, 746, 918, 150, 155, 536, 299, 894, 40, 399, 484, 479, 679, 207, 17, 962, 393, 662, 528, 619, 259, 198, 188, 534, 971, 180, 767, 191, 780, 194, 409, 864, 443, 936, 464, 603, 170, 226, 666, 212, 770, 647, 868, 610, 918, 936, 45, 299, 537, 383, 129, 493, 663, 553, 965, 684, 287, 997, 621, 456, 707, 127, 843, 47, 853, 878, 783, 812, 543, 350, 325, 21, 878, 737, 777, 540, 245, 794, 321, 575, 428, 275, 556, 556, 358, 415, 734, 991, 252, 514, 699, 599, 820, 278, 65, 611, 719, 706, 47, 575, 53, 446, 27, 486, 934, 976, 279, 245, 432, 931, 571, 437, 967, 786, 82, 455, 353, 796, 799, 762, 108, 218, 774, 32, 756, 246, 794, 613, 232, 163, 598, 861, 95, 187, 563, 454, 626, 130, 152, 329, 457, 734, 740, 915, 151, 227, 500, 898, 224, 638, 498, 429, 916, 755, 675, 767, 528, 473, 468, 203, 651, 778, 123, 664, 228, 846, 214, 143, 27, 366, 98, 755, 434, 338, 727, 934, 723, 576, 443, 572, 925, 894, 956, 298, 483, 933, 923, 597, 415, 485, 361, 271, 698, 600, 686, 117, 819, 252, 841, 130, 3, 676, 930, 393, 460, 422, 231, 793, 905, 160, 770, 535, 843, 881, 465, 421, 302, 490, 524, 527, 754, 955, 905, 437, 523, 762, 79, 794, 97, 21, 970, 603, 823, 504, 877, 497, 432, 666, 856, 189, 39, 609, 774, 845, 7, 860, 728, 758, 585, 546, 571, 963, 739, 52, 622, 384, 21, 703, 685, 352, 447, 226, 284, 677, 456, 254, 852, 429, 694, 912, 120, 15, 683, 448, 92, 701, 186, 694, 765, 781, 30, 432, 206, 760, 37, 486, 555, 765, 682, 429, 834, 432, 340, 83, 266, 299, 728, 517, 89, 801, 724, 572, 558, 223, 626, 920, 579, 594, 287, 775, 905, 165, 665, 513, 122, 530, 763, 249, 957, 546, 146, 74, 542, 420, 858, 152, 549, 290, 10, 749, 502, 67, 810, 118, 445, 355, 339, 916, 550, 803, 495, 978, 80, 96, 769, 614, 48, 23, 656, 668, 34, 383, 583, 62, 802, 495, 685, 931, 673, 830, 706, 236, 484, 259, 392, 298, 146, 308, 50, 696, 383, 80, 373, 398, 415, 376, 249, 875, 985, 259, 497, 952, 43, 424, 242, 295, 773, 62, 31, 519, 661, 996, 980, 997, 764, 673, 811, 238, 249, 22, 871, 597, 912, 138, 257, 637, 962, 178, 493, 159, 236, 812, 546, 84, 341, 307, 71, 185, 634, 427, 134, 636, 884, 342, 618, 435, 569, 833, 931, 63, 480, 456, 607, 166, 570, 46, 108, 422, 220, 289, 42, 598, 697, 245, 281, 193, 478, 466, 391, 37, 418, 773, 937, 180, 713, 363, 733, 455, 632, 792, 603, 683, 73, 318, 350, 241, 206, 716, 439, 675, 179, 734, 948, 499, 307, 394, 576, 567, 445, 392, 543, 937, 659, 816, 400, 313, 216, 92, 589, 490, 214, 223, 988, 737, 784, 874, 409, 497, 241, 120, 497, 788, 623, 360, 658, 911, 919, 840, 238, 821, 748, 27, 901, 582, 901, 140, 158, 911, 91, 359, 445, 12, 353, 675, 423, 858, 669, 930, 336, 460, 544, 935, 927, 903, 510, 965, 181, 700, 49, 460, 246, 554, 622, 322, 838, 896, 979, 960, 343, 662, 464, 755, 138, 389, 250, 624, 756, 525, 502, 461, 160, 673, 106, 21, 18, 106, 234, 135, 753, 391, 485, 167, 194, 78, 51, 196, 29, 274, 336, 167, 27, 725, 145, 618, 601, 630, 686, 388, 403, 810, 208, 42, 924, 517, 368, 200, 859, 30, 997, 563, 714, 357, 129, 801, 319, 635, 275, 452, 50, 241, 24, 569, 602, 140, 540, 858, 599, 850, 647, 569, 705, 175, 181, 49, 342, 168, 536, 740, 904, 874, 781, 96, 782, 579, 400, 183, 795, 748, 147, 308, 481, 645, 510, 112, 675, 555, 304, 780, 840, 109, 74, 741, 513, 253, 287, 189, 185, 390, 18, 920, 168, 439, 683, 482, 291, 486, 220, 734, 976, 522, 557, 650, 468, 895, 134, 200, 814, 785, 480, 142, 330, 447, 50, 585, 795, 237, 430, 311, 249, 94, 405, 929, 913, 957, 319, 341, 375, 217, 85, 156, 287, 113, 333, 662, 59, 985, 736, 233, 301, 338, 790, 859, 629, 247, 439, 19, 445, 492, 331, 867, 232, 784, 60, 358, 545, 191, 847, 490, 476, 272, 104, 907, 750, 592, 44, 11, 385, 242, 901, 685, 10, 868, 188, 182, 547, 405, 523, 775, 10, 270, 580, 829, 618, 500, 615, 964, 663, 886, 676, 105, 777, 515, 408, 629, 221, 226, 953, 372, 875, 54, 755, 840, 785, 932, 406, 735, 270, 17, 891, 384, 617, 622, 632, 933, 967, 831, 302, 701, 180, 229, 417, 614, 368, 389, 46, 234, 457, 452, 408, 244, 941, 793, 557, 377, 643, 878, 840, 931, 542, 182, 180, 42, 533, 674, 128, 671, 806, 714, 172, 953, 793, 859, 943, 9, 633, 829, 715, 171, 577, 213, 475, 436, 462, 528, 947, 740, 371, 396, 19, 557, 876, 582, 893, 255, 215, 129, 388, 589, 214, 120, 908, 715, 295, 552, 770, 726, 728, 732, 36, 122, 141, 561, 122, 532, 243, 583, 89, 83, 110, 584, 507, 877, 387, 190, 826, 778, 764, 846, 779, 723, 977, 656, 849, 519, 38, 699, 181, 424, 544, 855, 136, 154, 479, 105, 895, 962, 499, 887, 811, 46, 388, 798, 204, 395, 652, 574, 1000, 443, 587, 710, 692, 952, 659, 974, 286, 711, 773, 923, 775, 672, 969, 141, 496, 291, 864, 87, 947, 378, 945, 95, 656, 117, 566, 280, 664, 952, 203, 327, 234, 120, 854, 771, 267, 76, 754, 730, 86, 917, 783, 88, 301, 141, 109, 582, 106, 465, 115, 279, 276, 283, 838, 513, 47, 611, 340, 919, 173, 69, 836, 569, 759, 132, 655, 54, 918, 560, 351, 193, 517, 433, 219, 243, 171, 367, 700, 700, 495, 738, 159, 498, 343, 570, 134, 725, 530, 400, 764, 609, 993, 331, 736, 950, 459, 38, 279, 239, 656, 51, 477, 49, 285, 352, 713, 379, 7, 959, 622, 809, 338, 779, 760, 373, 80, 82, 347, 15, 770, 298, 634, 113, 950, 685, 728, 953, 548, 66, 404, 494, 694, 710, 539, 630, 632, 845, 461, 158, 920, 147, 847, 119, 985, 116, 463, 555, 873, 704, 424, 4, 838, 776, 667, 846, 161, 448, 919, 745, 510, 291, 610, 899, 156, 769, 193, 185, 528, 35, 868, 493, 81, 249, 389, 52, 870, 526, 989, 156, 348, 246, 983, 248, 74, 60, 436, 912, 12, 628, 463, 773, 519, 43, 439, 854, 314, 526, 335, 261, 991, 529, 736, 921, 175, 661, 30, 326, 16, 542, 24, 654, 955, 591, 892, 748, 444, 496, 905, 619, 297, 369, 867, 307, 882, 369, 868, 87, 353, 540, 120, 937, 967, 269, 194, 262, 619, 696, 887, 658, 697, 100, 57, 472, 251, 593, 833, 251, 846, 285, 283, 1, 907, 51, 725, 154, 987, 63, 211, 620, 767, 275, 736, 216, 124, 817, 672, 249, 11, 345, 719, 819, 297, 663, 991, 992, 639, 447, 319, 375, 976, 906, 794, 903, 226, 629, 355, 855, 700, 505, 709, 43, 322, 58, 296, 273, 810, 859, 227, 598, 720, 986, 90, 224, 405, 46, 682, 246, 69, 880, 500, 799, 116, 167, 852, 43, 179, 747, 192, 204, 892, 618, 5, 889, 484, 221, 248, 36, 558, 323, 818, 102, 140, 471, 521, 766, 474, 901, 425, 375, 905, 998, 352, 848, 445, 52, 558, 603, 592, 113, 110, 701, 435, 859, 700, 760, 226, 282, 102, 511, 458, 790, 749, 10, 917, 596, 166, 667, 480, 604, 530, 1, 839, 705, 976, 404, 745, 343, 896, 687, 12, 545, 543, 855, 761, 795, 61, 990, 186, 871, 551, 970, 623, 686, 155, 667, 380, 651, 93, 74, 356, 658, 660, 209, 892, 68, 646, 727, 817, 429, 380, 94, 1, 406, 172, 923, 355, 139, 240, 149, 880, 95, 437, 867, 263, 477, 294, 843, 591, 967, 491, 322, 89, 707, 78, 410, 764, 432, 208, 386, 58, 462, 391, 214, 254, 486, 395, 338, 632, 294, 125, 249, 387, 521, 456, 575, 845, 566, 967, 905, 400, 389, 163, 194, 770, 216, 905, 212, 590, 198, 981, 418, 110, 923, 246, 467, 996, 533, 867, 489, 378, 788, 169, 295, 113, 497, 259, 164, 323, 539, 800, 982, 242, 422, 800, 966, 586, 57, 997, 498, 215, 950, 657, 544, 703, 319, 653, 730, 188, 536, 693, 936, 438, 826, 253, 857, 257, 891, 129, 166, 907, 848, 80, 166, 762, 524, 835, 455, 825, 536, 364, 379, 506, 730, 22, 401, 576, 285, 410, 294, 48, 327, 527, 383, 912, 567, 796, 655, 536, 468, 876, 964, 172, 655, 249, 700, 558, 97, 221, 783, 844, 83, 505, 291, 918, 110, 984, 942, 861, 387, 997, 501, 977, 843, 191, 862, 506, 448, 412, 475, 51, 293, 976, 697, 973, 13, 656, 127, 44, 599, 798, 701, 368, 103, 470, 179, 616, 289, 484, 3, 321, 171, 508, 45, 251, 840, 722, 829, 476, 811, 362, 456, 709, 451, 787, 98, 959, 367, 324, 957, 562, 415]

